0 0.3726361127935931 0.4015748031496063 0.0800861430782691 0.12073490813648291
0 0.46591291473181234 0.3366141732283465 0.06877986405545457 0.12204724409448822
0 0.38064472710142 0.5387139107611548 0.08291271283397272 0.12992125984251962
0 0.4706238643246517 0.5964566929133858 0.07631738340399749 0.12467191601049869
0 0.5568342418736119 0.624015748031496 0.07349081364829402 0.12467191601049869
0 0.5332794939094151 0.48556430446194226 0.07914395315970119 0.12598425196850394
0 0.57522712428966 0.26822540704870496 0.07254862372972604 0.11942257217847776
0 0.6444579043004239 0.597769028871391 0.03768759674271486 0.06692913385826771
0 0.5954640285348947 0.5229658792650919 0.04334073625412202 0.07480314960629919
0 0.702254844127711 0.5412108749694373 0.04645773802063141 0.06470899224302282
0 0.7562084762641753 0.4246250480546354 0.046457738020631384 0.06470899224302283
0 0.813077454802324 0.4166872669339632 0.04645773802063138 0.0647089922430228
0 0.911593780082334 0.41477112587857695 0.04645773802063138 0.06470899224302284
0 0.9020757640995721 0.5221524526748498 0.04645773802063141 0.06470899224302279
0 0.8304423734430598 0.5240319398341328 0.04645773802063135 0.06470899224302294
0 0.8539488822226334 0.5697016714425532 0.046457738020631446 0.06470899224302289
0 0.6928329449420322 0.6120770167017208 0.04645773802063141 0.06470899224302282
0 0.7399424408704257 0.5005284602712746 0.04645773802063141 0.06470899224302282
0 0.666128272427485 0.5295275590551181 0.04334073625412202 0.07480314960629919
0 0.6190187764990914 0.4507874015748031 0.04334073625412202 0.07480314960629919
