0 0.1288373014324831 0.891096572803785 0.023460705892585386 0.03824921589425308
0 0.1299817261101702 0.9257599247079519 0.023460705892585386 0.03824921589425308
0 0.13169836312670083 0.9616185646088142 0.023460705892585386 0.03824921589425308
0 0.15058137030853785 0.9305410766947338 0.023460705892585386 0.03824921589425308
0 0.1711810145069056 0.9281505007013428 0.023460705892585386 0.03824921589425308
0 0.17289765152343622 0.8887059968103944 0.023460705892585386 0.03824921589425308
0 0.19178065870527328 0.9293457886980383 0.023460705892585386 0.03824921589425308
0 0.17206205903656752 0.8276647233488891 0.019389362780424323 0.03824921589425266
0 0.15344243200275562 0.9652044285989001 0.023460705892585386 0.03824921589425308
0 0.17289765152343622 0.9616185646088142 0.023460705892585386 0.03824921589425308
0 0.19349729572180385 0.9616185646088142 0.023460705892585386 0.03824921589425308
0 0.21238030290364102 0.9616185646088142 0.023460705892585386 0.03824921589425308
0 0.23240773476316515 0.9592279886154234 0.023460705892585386 0.03824921589425308
0 0.1254040273994218 0.8516520689128366 0.023460705892585386 0.03824921589425308
0 0.14818183113633382 0.9162382432925821 0.023460705892585167 0.03824921589425284
0 0.1882533645649676 0.7953795256003048 0.01938936278042429 0.03824921589425262
0 0.20441256453680232 0.780721431312962 0.01938936278042427 0.0382492158942526
0 0.2237188169912242 0.7656222876586544 0.01938936278042423 0.03824921589425248
0 0.24099984854316187 0.7494177721605307 0.019389362780424267 0.038249215894252585
0 0.25909600248631803 0.7392493215834363 0.01938936278042426 0.03824921589425256
0 0.2766619442145748 0.7520276472740184 0.019389362780424274 0.03824921589425256
0 0.298811525603759 0.7394329964154248 0.019389362780424253 0.038249215894252564
0 0.20107331749430202 0.822915444425911 0.019389362780424278 0.03824921589425261
0 0.2172502571440232 0.807393117724766 0.01938936278042427 0.038249215894252606
0 0.23599340129111726 0.7904866018551542 0.019389362780424267 0.038249215894252585
0 0.25243307111561003 0.7781664522867965 0.019389362780424243 0.03824921589425254
0 0.21888991511420527 0.8473978431845696 0.01938936278042426 0.038249215894252585
0 0.2361340773987167 0.8336837639140087 0.01938936278042427 0.03824921589425257
0 0.25212887781418053 0.8183374266157917 0.019389362780424274 0.03824921589425261
0 0.26956966038723074 0.808217792835963 0.01938936278042427 0.038249215894252626
0 0.25747272338040544 0.9032228378573448 0.01938936278042423 0.03824921589425251
0 0.15546790121010465 0.8001730994248946 0.019389362780424323 0.03824921589425266
0 0.26156744349970557 0.868444473172821 0.019389362780424205 0.038249215894252515
0 0.30461079558217596 0.8648932296635113 0.019389362780424226 0.038249215894252515
0 0.28149559090723314 0.8540758270885486 0.019389362780424222 0.038249215894252536
0 0.292595991621745 0.8290489674366925 0.019389362780424232 0.03824921589425255
0 0.3065789016931417 0.7926182978591263 0.019389362780424226 0.038249215894252585
0 0.24264326669597136 0.8738996138115812 0.019389362780424278 0.03824921589425262
0 0.2672052400396245 0.9577230407256159 0.019455219520680585 0.03824921589425296
0 0.2866522687335401 0.9542995344391259 0.021744068876054717 0.04063979188764357
0 0.3067058136201414 0.9551767001239222 0.020599644198367743 0.034663351904166716
0 0.3149106176813598 0.8374016057395166 0.019389362780424226 0.038249215894252515
0 0.3252104397805436 0.8075194058221313 0.019389362780424226 0.038249215894252515
0 0.3372268988962581 0.7824183578915277 0.019389362780424226 0.038249215894252515
0 0.3446656593012242 0.7501455819807512 0.019389362780424226 0.038249215894252515
0 0.2777168156565293 0.8911895655908101 0.019389362780424226 0.038249215894252515
0 0.37327627624340154 0.7501455819807512 0.019389362780424226 0.038249215894252515
0 0.36011539244999996 0.7740513419146593 0.019389362780424226 0.038249215894252515
0 0.35095999502850317 0.8039335418320447 0.019389362780424226 0.038249215894252515
0 0.3395157482516323 0.8290345897626483 0.019389362780424226 0.038249215894252515
0 0.33036035083013554 0.857721501683338 0.019389362780424226 0.038249215894252515
0 0.3189161040532646 0.8828225496139417 0.019389362780424226 0.038249215894252515
0 0.35133701229668596 0.9541325590200868 0.019389362780424187 0.03824921589425248
0 0.3925557868109098 0.7221836017225972 0.01938936278042415 0.03824921589425237
0 0.3212049534086388 0.7549267339675328 0.019389362780424226 0.038249215894252515
0 0.4063757622938307 0.7521477872799736 0.01888300718183702 0.0418350798843392
0 0.4231367684547634 0.7358319866809289 0.018883007181837 0.04183507988433921
0 0.4405773015405967 0.7411629199152509 0.018883007181837 0.04183507988433922
0 0.4646075832268064 0.7331157517160354 0.018883007181836994 0.04183507988433914
0 0.4766231276344232 0.7657723625927991 0.01888300718183696 0.04183507988433914
0 0.5049773890294302 0.7495871646923115 0.018883007181837073 0.04183507988433931
0 0.5266504731251311 0.7468125052685113 0.018883007181837042 0.041835079884339266
0 0.5387379170211996 0.7699070606361335 0.018883007181837073 0.04183507988433931
0 0.5576209242030365 0.8021798365469098 0.018883007181837073 0.04183507988433931
0 0.386975459210049 0.7740660951897921 0.018883007181837035 0.04183507988433933
0 0.3748240384669097 0.7969717228406498 0.018883007181836973 0.04183507988433919
0 0.36270712624241525 0.8229628899075447 0.018883007181836903 0.04183507988433913
0 0.3533523872693244 0.8549625463261888 0.018883007181836896 0.041835079884339085
0 0.3717478486870356 0.8743031156787794 0.018883007181836987 0.04183507988433915
0 0.38180508776261723 0.8359588991279927 0.018883007181836952 0.04183507988433912
0 0.39387373959069083 0.8114995251864987 0.01888300718183693 0.041835079884339044
0 0.4102478593630845 0.7892217778865545 0.01888300718183703 0.04183507988433923
0 0.43027768111817283 0.7770033243170517 0.018883007181836997 0.04183507988433923
0 0.3924326016830832 0.8654162023004431 0.018883007181836987 0.04183507988433913
0 0.4069439801981678 0.8425899464214496 0.018883007181836983 0.04183507988433918
0 0.4228390511718588 0.8164362910109183 0.018883007181836987 0.04183507988433921
0 0.4200933594028631 0.8663185861813687 0.018883007181836955 0.04183507988433907
0 0.4495865891548525 0.7989146846444869 0.018883007181837025 0.04183507988433922
0 0.4485986887327222 0.7992920570478256 0.01888300718183696 0.041835079884339044
0 0.4543462784135866 0.767898791285459 0.01888300718183694 0.04183507988433909
0 0.4766196838783144 0.7603278108401723 0.01888300718183695 0.041835079884339106
0 0.4663513502166613 0.8212623511562677 0.018883007181836962 0.04183507988433918
0 0.4755040993520665 0.852428480321415 0.018883007181837 0.04183507988433919
0 0.49925526564099454 0.8021798365469095 0.018883007181837073 0.04183507988433931
0 0.5266774892712115 0.7913007662695233 0.018883007181837025 0.04183507988433925
0 0.5593375612195673 0.7687117726394382 0.018883007181837073 0.04183507988433931
0 0.3421816148751892 0.9923817749143395 0.019389362780424187 0.03824921589425248
0 0.3650701084289312 0.9876006229275582 0.019389362780424187 0.03824921589425248
0 0.3998128266194429 0.9336440310286885 0.019389362780424094 0.038249215894252314
0 0.33417064213137965 0.9182739191192245 0.019389362780424187 0.03824921589425248
0 0.40928417941724954 0.961025666860595 0.019389362780424038 0.038249215894252266
0 0.37864097008223185 0.9444016229989473 0.019389362780424094 0.038249215894252314
0 0.46468804187278606 0.9065599170596522 0.019389362780423927 0.038249215894252196
0 0.39154559691309965 0.9717832588308538 0.019389362780424038 0.038249215894252266
0 0.4264505495825559 0.9407057709167731 0.019389362780424038 0.038249215894252266
0 0.5009392385701179 0.8830995975624124 0.0193893627804239 0.038249215894252155
0 0.4469494593686361 0.8946070370926984 0.019389362780423927 0.038249215894252196
0 0.5215388827684856 0.8854901735558031 0.0193893627804239 0.038249215894252155
0 0.5409941022891662 0.8783184455756308 0.0193893627804239 0.038249215894252155
0 0.5015114509089615 0.9237393894500563 0.0193893627804239 0.038249215894252155
0 0.5221110951073292 0.924934677446752 0.0193893627804239 0.038249215894252155
0 0.4580233131568521 0.9595980293509185 0.0193893627804239 0.038249215894252155
0 0.4774785326775326 0.9595980293509185 0.0193893627804239 0.038249215894252155
0 0.49865038921474375 0.9619886053443093 0.0193893627804239 0.038249215894252155
0 0.5169611840577373 0.9595980293509185 0.0193893627804239 0.038249215894252155
0 0.4321026365805449 0.9947590968561473 0.01938936278042369 0.038249215894251856
0 0.4832006560659681 0.9201535254599701 0.0193893627804239 0.038249215894252155
0 0.6540706335171411 0.8860178037838768 0.02574955524795961 0.05139738385790245
0 0.6565953092459496 0.9382886192982963 0.02574955524795961 0.05139738385790242
0 0.682559937207659 0.9331295319225071 0.02574955524795961 0.051397383857902455
0 0.7032012637284647 0.8934258973431713 0.02574955524795961 0.05139738385790246
0 0.624152052840376 0.9661613968135526 0.025749555247959677 0.051397383857902525
0 0.6504623761804024 0.9676076952895544 0.025749555247959677 0.051397383857902525
0 0.6733108148704251 0.9743013080710489 0.025749555247959677 0.051397383857902525
0 0.6982363843504501 0.9743013080710489 0.025749555247959677 0.051397383857902525
0 0.7238543307604758 0.9743013080710489 0.025749555247959677 0.051397383857902525
0 0.7508570310305028 0.9743013080710489 0.025749555247959677 0.051397383857902525
0 0.7169305614604689 0.9328965318655196 0.025749555247959677 0.051397383857902525
0 0.7411637540104933 0.934342830341521 0.025749555247959677 0.051397383857902525
0 0.7647045696305165 0.9357891288175224 0.025749555247959677 0.051397383857902525
0 0.7356247385704876 0.8837223836814704 0.025749555247959677 0.051397383857902525
0 0.7709962753643157 0.8537120472011446 0.025749555247959643 0.05139738385790249
0 0.7980649816640445 0.8891181090099834 0.025749555247959584 0.05139738385790234
0 0.8285000569626404 0.8684595360495776 0.02574955524795948 0.05139738385790229
0 0.946167638654491 0.6656932453209575 0.025749555247959636 0.0513973838579025
0 0.6331529529303851 0.9097557562494965 0.025749555247959677 0.051397383857902525
0 0.9724779619945174 0.6671395437969591 0.025749555247959636 0.0513973838579025
0 0.9177801845244629 0.674371036176966 0.025749555247959636 0.0513973838579025
0 0.9413210001444865 0.7134210950290053 0.025749555247959636 0.0513973838579025
0 0.9683237004145134 0.7206525874090126 0.025749555247959636 0.0513973838579025
0 0.9150106768044601 0.724991482837017 0.025749555247959636 0.0513973838579025
0 0.9371667385644823 0.7669341386410587 0.025749555247959636 0.0513973838579025
0 0.9620923080445073 0.7683804371170602 0.025749555247959636 0.0513973838579025
0 0.908779284434454 0.7799508249250718 0.025749555247959636 0.0513973838579025
0 0.9302429692644756 0.8175545853011095 0.025749555247959636 0.0513973838579025
0 0.9565532926045017 0.8218934807291136 0.025749555247959636 0.0513973838579025
0 0.9032402689944483 0.823339779205115 0.025749555247959636 0.0513973838579025
0 0.8914698611844366 0.7061896026489981 0.025749555247959636 0.0513973838579025
0 0.8859308457444309 0.7553637508330473 0.025749555247959636 0.0513973838579025
0 0.8790070764444241 0.803091600541095 0.025749555247959636 0.0513973838579025
0 0.8596205224044049 0.735115572169027 0.025749555247959636 0.0513973838579025
0 0.8533891300343984 0.7828434218770748 0.025749555247959636 0.0513973838579025
0 0.951706654094497 0.6121802017089042 0.025749555247959636 0.0513973838579025
0 0.9362532153819224 0.8697188097800609 0.0257495552479596 0.05139738385790243
0 0.8534256264426651 0.8887077147135979 0.02574955524795948 0.05139738385790229
0 0.873504557412685 0.908955893377618 0.02574955524795948 0.05139738385790229
0 0.7959583412526076 0.9682541308936774 0.02574955524795948 0.05139738385790229
0 0.8278076800326395 0.966807832417676 0.02574955524795948 0.05139738385790229
0 0.8900096888964348 0.9380788874032189 0.025749555247959424 0.0513973838579022
0 0.8534256264426651 0.9465596537536557 0.02574955524795948 0.05139738385790229
0 0.9085581381818948 0.8711651082560624 0.0257495552479596 0.05139738385790243
0 0.95570029614826 0.8959088434357318 0.02574955524795954 0.05139738385790232
0 0.9480236231919342 0.5240534740157153 0.0257495552479596 0.05139738385790243
