0 0.1902743320209513 0.4308750318538179 0.014473786869215103 0.021136323682028432
0 0.2037142769709368 0.4317940024486888 0.014473786869215103 0.021136323682028432
0 0.17683438707096585 0.4515518702384109 0.014473786869215103 0.021136323682028432
0 0.1909635599671044 0.4533898114281525 0.014473786869215103 0.021136323682028432
0 0.20612657478247262 0.4538492967255879 0.014473786869215103 0.021136323682028432
0 0.17717900104404236 0.4740666498127456 0.014473786869215103 0.021136323682028432
0 0.19165278791325746 0.47590459100248717 0.014473786869215103 0.021136323682028432
0 0.20612657478247262 0.47682356159735795 0.014473786869215103 0.021136323682028432
0 0.18303743858634372 0.5016357676588696 0.014473786869215103 0.021136323682028432
0 0.1964773835363292 0.503014223551176 0.014473786869215103 0.021136323682028432
0 0.21232962629785054 0.5034737088486113 0.014473786869215103 0.021136323682028432
0 0.1854497363978796 0.5232315766383335 0.014473786869215103 0.021136323682028432
0 0.20026813724017128 0.5259884884229458 0.014473786869215103 0.021136323682028432
0 0.21474192410938642 0.5264479737203813 0.014473786869215103 0.021136323682028432
0 0.18613896434403268 0.5475842974024095 0.014473786869215103 0.021136323682028432
0 0.20061275121324787 0.5485032679972803 0.014473786869215103 0.021136323682028432
0 0.21543115205553945 0.5494222385921512 0.014473786869215103 0.021136323682028432
0 0.18682819229018577 0.5714775328690507 0.014473786869215103 0.021136323682028432
0 0.20061275121324784 0.571937018166486 0.014473786869215103 0.021136323682028432
0 0.21543115205553945 0.5723965034639213 0.014473786869215103 0.021136323682028432
0 0.1878620342094155 0.5939923124433851 0.014473786869215103 0.021136323682028432
0 0.20061275121324784 0.5962897389305621 0.014473786869215103 0.021136323682028432
0 0.21543115205553945 0.5967492242279977 0.014473786869215103 0.021136323682028432
0 0.1854497363978796 0.6183450332074615 0.014473786869215103 0.021136323682028432
0 0.1999235232670947 0.6178855479100259 0.014473786869215103 0.021136323682028432
0 0.21370808219015675 0.6188045185048968 0.014473786869215103 0.021136323682028432
0 0.1775236150171189 0.42903709066407636 0.014473786869215103 0.021136323682028432
0 0.25471714498626635 0.4361591127743252 0.009649191246143402 0.01424404422049733
0 0.26436633623240974 0.4361591127743252 0.009649191246143402 0.01424404422049733
0 0.27470475542470624 0.43524014217945445 0.009649191246143402 0.01424404422049733
0 0.2450679537401229 0.4513221275896935 0.009649191246143402 0.01424404422049733
0 0.25506175895934285 0.45086264229225803 0.009649191246143402 0.01424404422049733
0 0.26608940609779247 0.45224109818456426 0.009649191246143402 0.01424404422049733
0 0.27539398337085935 0.45086264229225803 0.009649191246143402 0.01424404422049733
0 0.24679102360550562 0.46648514240506167 0.009649191246143402 0.01424404422049733
0 0.2567848288247256 0.46740411299993256 0.009649191246143402 0.01424404422049733
0 0.2667786340439456 0.4683230835948033 0.009649191246143402 0.01424404422049733
0 0.2778062811823952 0.46694462770249706 0.009649191246143402 0.01424404422049733
0 0.2581632847170318 0.4825671278153007 0.009649191246143402 0.01424404422049733
0 0.26884631788240493 0.4834860984101715 0.009649191246143402 0.01424404422049733
0 0.27918473707470143 0.48026970132812374 0.009649191246143402 0.01424404422049733
0 0.25023716333627116 0.5046224220922 0.009649191246143402 0.01424404422049733
0 0.2609201965016442 0.5041629367947644 0.009649191246143402 0.01424404422049733
0 0.27056938774778766 0.5037034514973291 0.009649191246143402 0.01424404422049733
0 0.28056319296700766 0.5046224220922 0.009649191246143402 0.01424404422049733
0 0.2905569981862276 0.5050819073896354 0.009649191246143402 0.01424404422049733
0 0.24920332141704155 0.5207044075024388 0.009649191246143402 0.01424404422049733
0 0.2605755825285677 0.5216233780973097 0.009649191246143402 0.01424404422049733
0 0.2702247737747111 0.5202449222050035 0.009649191246143402 0.01424404422049733
0 0.27918473707470143 0.5193259516101328 0.009649191246143402 0.01424404422049733
0 0.2895231562669979 0.5207044075024388 0.009649191246143402 0.01424404422049733
0 0.2505817773093477 0.5358674223178073 0.009649191246143402 0.01424404422049733
0 0.26057558252856766 0.5381648488049842 0.009649191246143402 0.01424404422049733
0 0.2702247737747111 0.5372458782101135 0.009649191246143402 0.01424404422049733
0 0.28056319296700766 0.5358674223178073 0.009649191246143402 0.01424404422049733
0 0.29021238421315104 0.5354079370203718 0.009649191246143402 0.01424404422049733
0 0.252649461147807 0.5524088930254816 0.009649191246143402 0.01424404422049733
0 0.26264326636702695 0.5514899224306109 0.009649191246143402 0.01424404422049733
0 0.27194784364009383 0.5519494077280465 0.009649191246143402 0.01424404422049733
0 0.28297549077854345 0.5510304371331753 0.009649191246143402 0.01424404422049733
0 0.29365852394391656 0.5514899224306109 0.009649191246143402 0.01424404422049733
0 0.25540637293241936 0.572166760815204 0.009649191246143402 0.01424404422049733
0 0.2740155274785531 0.5721667608152036 0.009649191246143402 0.01424404422049733
0 0.2440341118208933 0.4361591127743253 0.009649191246143402 0.01424404422049733
0 0.28400933269777306 0.5730857314100745 0.009649191246143402 0.01424404422049733
0 0.2943477518900696 0.5740047020049454 0.009649191246143402 0.01424404422049733
0 0.2554063729324194 0.5882487462254428 0.009649191246143402 0.01424404422049733
0 0.2654001781516394 0.5882487462254428 0.009649191246143402 0.01424404422049733
0 0.2743601414516297 0.5896272021177489 0.009649191246143402 0.01424404422049733
0 0.28400933269777306 0.5905461727126198 0.009649191246143402 0.01424404422049733
0 0.29434775189006956 0.591924628604926 0.009649191246143402 0.01424404422049733
0 0.2543725310131898 0.604790216933117 0.009649191246143402 0.01424404422049733
0 0.2647109502054863 0.6057091875279882 0.009649191246143402 0.01424404422049733
0 0.2743601414516297 0.6052497022305525 0.009649191246143402 0.01424404422049733
0 0.2846985606439262 0.6061686728254234 0.009649191246143402 0.01424404422049733
0 0.2950369798362227 0.6066281581228589 0.009649191246143402 0.01424404422049733
0 0.25506175895934285 0.6190342611536147 0.009649191246143402 0.01424404422049733
0 0.26333249431318 0.6240885994254038 0.009649191246143402 0.01424404422049733
0 0.2757385973439359 0.6208722023433562 0.009649191246143402 0.01424404422049733
0 0.28573240256315585 0.6217911729382269 0.009649191246143402 0.01424404422049733
0 0.2964154357285289 0.6222506582356625 0.009649191246143402 0.01424404422049733
0 0.2647109502054863 0.5717072755177685 0.009649191246143402 0.01424404422049733
0 0.3310491400227222 0.5110552162562952 0.0127507170038324 0.017919926599980655
0 0.34242140113424824 0.512893157446037 0.0127507170038324 0.017919926599980655
0 0.35620596005731053 0.5138121280409078 0.0127507170038324 0.017919926599980655
0 0.31657535315350704 0.5312725693434531 0.0127507170038324 0.017919926599980655
0 0.3296706841304161 0.5317320546408884 0.0127507170038324 0.017919926599980655
0 0.3424214011342484 0.5326510252357592 0.0127507170038324 0.017919926599980655
0 0.3558613460842339 0.53356999583063 0.0127507170038324 0.017919926599980655
0 0.31554151123427737 0.5505709518357398 0.0127507170038324 0.017919926599980655
0 0.328981456184263 0.5514899224306106 0.0127507170038324 0.017919926599980655
0 0.3431106290804015 0.551949407728046 0.0127507170038324 0.017919926599980655
0 0.35689518800346365 0.5528683783229168 0.0127507170038324 0.017919926599980655
0 0.31898765096504306 0.574923672599816 0.0127507170038324 0.017919926599980655
0 0.33139375399579885 0.5753831578972515 0.0127507170038324 0.017919926599980655
0 0.34586754086501403 0.5758426431946869 0.0127507170038324 0.017919926599980655
0 0.359652099788076 0.574923672599816 0.0127507170038324 0.017919926599980655
0 0.3200214928842727 0.5956005109844091 0.0127507170038324 0.017919926599980655
0 0.333461437834258 0.5960599962818445 0.0127507170038324 0.017919926599980655
0 0.34552292689193737 0.5951410256869738 0.0127507170038324 0.017919926599980655
0 0.3599967137611525 0.5974384521741507 0.0127507170038324 0.017919926599980655
0 0.3207107208304257 0.6153583787741315 0.0127507170038324 0.017919926599980655
0 0.33415066578041125 0.614898893476696 0.0127507170038324 0.017919926599980655
0 0.34759061073039665 0.6162773493690022 0.0127507170038324 0.017919926599980655
0 0.36034132773422906 0.6167368346664378 0.0127507170038324 0.017919926599980655
0 0.40686421409956347 0.5142716133383429 0.0127507170038324 0.017919926599980655
0 0.39239042723034834 0.5133526427434724 0.0127507170038324 0.017919926599980655
0 0.31864303699196644 0.5101362456614247 0.0127507170038324 0.017919926599980655
0 0.4206487730226253 0.5147310986357785 0.0127507170038324 0.017919926599980655
0 0.3751597285765206 0.5344889664255008 0.0127507170038324 0.017919926599980655
0 0.3882550595534295 0.5363269076152423 0.0127507170038324 0.017919926599980655
0 0.4034180743687976 0.5367863929126777 0.0127507170038324 0.017919926599980655
0 0.41789186123801303 0.5372458782101132 0.0127507170038324 0.017919926599980655
0 0.3768827984419034 0.5551658048100937 0.0127507170038324 0.017919926599980655
0 0.39032274339188894 0.5560847754049645 0.0127507170038324 0.017919926599980655
0 0.40479653026110407 0.5556252901075291 0.0127507170038324 0.017919926599980655
0 0.4189257031572426 0.5565442607023998 0.0127507170038324 0.017919926599980655
0 0.37757202638805654 0.5781400696818639 0.0127507170038324 0.017919926599980655
0 0.3899781294188124 0.5795185255741699 0.0127507170038324 0.017919926599980655
0 0.4051411442341806 0.5790590402767346 0.0127507170038324 0.017919926599980655
0 0.41823647521108953 0.5804374961690408 0.0127507170038324 0.017919926599980655
0 0.37757202638805654 0.5978979374715859 0.0127507170038324 0.017919926599980655
0 0.3917011992841951 0.5992763933638922 0.0127507170038324 0.017919926599980655
0 0.4058303721803337 0.5997358786613277 0.0127507170038324 0.017919926599980655
0 0.41961493110339565 0.6006548492561984 0.0127507170038324 0.017919926599980655
0 0.37722741241497987 0.6176558052613084 0.0127507170038324 0.017919926599980655
0 0.3923904272303482 0.6185747758561791 0.0127507170038324 0.017919926599980655
0 0.4058303721803337 0.6190342611536146 0.0127507170038324 0.017919926599980655
0 0.4182364752110896 0.6208722023433562 0.0127507170038324 0.017919926599980655
0 0.4757870087148735 0.403076171358976 0.0127507170038324 0.017919926599980655
0 0.3779166403611331 0.5124336721486016 0.0127507170038324 0.017919926599980655
0 0.4499409607341322 0.4228340391486982 0.0127507170038324 0.017919926599980655
0 0.4682055013071893 0.421455583256392 0.0127507170038324 0.017919926599980655
0 0.45200864457259143 0.44351087753329127 0.0127507170038324 0.017919926599980655
0 0.46717165938795974 0.44259190693842043 0.0127507170038324 0.017919926599980655
0 0.48612542790716995 0.44488933342559744 0.0127507170038324 0.017919926599980655
0 0.4554547843033569 0.4715394806768508 0.0127507170038324 0.017919926599980655
0 0.46923934322641897 0.4701610247845446 0.0127507170038324 0.017919926599980655
0 0.48336851612255755 0.4719989659742862 0.0127507170038324 0.017919926599980655
0 0.5005992147763851 0.47383690716402765 0.0127507170038324 0.017919926599980655
0 0.45648862622258657 0.4917568337640084 0.0127507170038324 0.017919926599980655
0 0.4709624130918018 0.4931352896563145 0.0127507170038324 0.017919926599980655
0 0.4847469720148637 0.49497323084605627 0.0127507170038324 0.017919926599980655
0 0.5012884427225383 0.49543271614349166 0.0127507170038324 0.017919926599980655
0 0.455454784303357 0.5133526427434723 0.0127507170038324 0.017919926599980655
0 0.47061779911872514 0.5128931574460368 0.0127507170038324 0.017919926599980655
0 0.4847469720148638 0.5151905839332138 0.0127507170038324 0.017919926599980655
0 0.5005992147763851 0.5165690398255199 0.0127507170038324 0.017919926599980655
0 0.4461502070302901 0.5643555107588014 0.0127507170038324 0.017919926599980655
0 0.4702731851456487 0.5340294811280653 0.0127507170038324 0.017919926599980655
0 0.4850915859879404 0.5363269076152422 0.0127507170038324 0.017919926599980655
0 0.4992207588840789 0.5363269076152422 0.0127507170038324 0.017919926599980655
0 0.4509748026533618 0.40169771546666977 0.0127507170038324 0.017919926599980655
0 0.46062399389950526 0.5675719078408494 0.0127507170038324 0.017919926599980655
0 0.4757870087148735 0.5689503637331557 0.0127507170038324 0.017919926599980655
0 0.5016330566956148 0.5785995549792989 0.0127507170038324 0.017919926599980655
0 0.4464948210033666 0.58549183444083 0.0127507170038324 0.017919926599980655
0 0.46096860787258187 0.5882487462254423 0.0127507170038324 0.017919926599980655
0 0.4757870087148735 0.5887082315228779 0.0127507170038324 0.017919926599980655
0 0.4902607955840886 0.5905461727126193 0.0127507170038324 0.017919926599980655
0 0.4482178908687494 0.6070876434202939 0.0127507170038324 0.017919926599980655
0 0.46303629171104105 0.6084660993126001 0.0127507170038324 0.017919926599980655
0 0.4778546925533327 0.6080066140151646 0.0127507170038324 0.017919926599980655
0 0.4919838654494714 0.6089255846100353 0.0127507170038324 0.017919926599980655
0 0.44959634676105564 0.6263860259125806 0.0127507170038324 0.017919926599980655
0 0.4644147476033472 0.6291429376971931 0.0127507170038324 0.017919926599980655
0 0.47888853447256247 0.6296024229946284 0.0127507170038324 0.017919926599980655
0 0.4933623213417775 0.6296024229946284 0.0127507170038324 0.017919926599980655
0 0.45511017033028056 0.5354079370203715 0.0127507170038324 0.017919926599980655
0 0.5181745274032892 0.5795185255741697 0.0127507170038324 0.017919926599980655
0 0.5347159981109635 0.5799780108716049 0.0127507170038324 0.017919926599980655
0 0.5516020827917146 0.5781400696818635 0.0127507170038324 0.017919926599980655
0 0.5057684243725333 0.5988169080664565 0.0127507170038324 0.017919926599980655
0 0.520586825214825 0.5992763933638919 0.0127507170038324 0.017919926599980655
0 0.5360944540032697 0.5974384521741503 0.0127507170038324 0.017919926599980655
0 0.5509128548455615 0.5978979374715857 0.0127507170038324 0.017919926599980655
0 0.5071468802648396 0.6190342611536143 0.0127507170038324 0.017919926599980655
0 0.523688350972514 0.6204127170459204 0.0127507170038324 0.017919926599980655
0 0.5395405937340353 0.6194937464510498 0.0127507170038324 0.017919926599980655
0 0.554358994576327 0.6194937464510497 0.0127507170038324 0.017919926599980655
0 0.5081807221840692 0.6397110995382072 0.0127507170038324 0.017919926599980655
0 0.5226545090532843 0.6420085260253842 0.0127507170038324 0.017919926599980655
0 0.5385067518148057 0.642927496620255 0.0127507170038324 0.017919926599980655
0 0.5536697666301739 0.6438464672151256 0.0127507170038324 0.017919926599980655
0 0.5853742521532165 0.4545385246717406 0.0127507170038324 0.017919926599980655
0 0.48957156763793547 0.5698693343280264 0.0127507170038324 0.017919926599980655
0 0.5991588110762787 0.45637646586148223 0.0127507170038324 0.017919926599980655
0 0.6129433699993406 0.4568359511589175 0.0127507170038324 0.017919926599980655
0 0.6274171568685556 0.4545385246717406 0.0127507170038324 0.017919926599980655
0 0.5715896932301544 0.47153948067685036 0.0127507170038324 0.017919926599980655
0 0.5839957962609102 0.473377421866592 0.0127507170038324 0.017919926599980655
0 0.5984695831301255 0.4752153630563336 0.0127507170038324 0.017919926599980655
0 0.6129433699993406 0.4742963924614628 0.0127507170038324 0.017919926599980655
0 0.6277617708416323 0.4742963924614628 0.0127507170038324 0.017919926599980655
0 0.5702112373378483 0.4903783778717019 0.0127507170038324 0.017919926599980655
0 0.5836511822878337 0.4926758043588788 0.0127507170038324 0.017919926599980655
0 0.5974357412108957 0.491756833764008 0.0127507170038324 0.017919926599980655
0 0.6119095280801109 0.4926758043588788 0.0127507170038324 0.017919926599980655
0 0.6260387009762496 0.49405426025118515 0.0127507170038324 0.017919926599980655
0 0.5698666233647718 0.5092172750665535 0.0127507170038324 0.017919926599980655
0 0.5833065683147572 0.5105957309588596 0.0127507170038324 0.017919926599980655
0 0.5991588110762787 0.5105957309588596 0.0127507170038324 0.017919926599980655
0 0.6125987560262639 0.5115147015537304 0.0127507170038324 0.017919926599980655
0 0.6260387009762496 0.5105957309588596 0.0127507170038324 0.017919926599980655
0 0.5891650058570587 0.5289751428562753 0.0127507170038324 0.017919926599980655
0 0.5729681491224607 0.4522410981845637 0.0127507170038324 0.017919926599980655
0 0.602604950807044 0.5294346281537108 0.0127507170038324 0.017919926599980655
0 0.615700281783953 0.5317320546408878 0.0127507170038324 0.017919926599980655
0 0.6298294546800917 0.5312725693434523 0.0127507170038324 0.017919926599980655
0 0.5753804469339965 0.5459760988613853 0.0127507170038324 0.017919926599980655
0 0.5881311639378289 0.5482735253485622 0.0127507170038324 0.017919926599980655
0 0.602604950807044 0.5478140400511267 0.0127507170038324 0.017919926599980655
0 0.6153556678108765 0.549192495943433 0.0127507170038324 0.017919926599980655
0 0.6308632965993212 0.5487330106459978 0.0127507170038324 0.017919926599980655
0 0.5760696748801496 0.5648149960562365 0.0127507170038324 0.017919926599980655
0 0.588820391883982 0.5648149960562365 0.0127507170038324 0.017919926599980655
0 0.601915722860891 0.5648149960562365 0.0127507170038324 0.017919926599980655
0 0.615700281783953 0.5657339666511076 0.0127507170038324 0.017919926599980655
0 0.630174068653168 0.5657339666511075 0.0127507170038324 0.017919926599980655
0 0.5677989395263123 0.6052497022305516 0.0127507170038324 0.017919926599980655
0 0.5898542338032117 0.5836538932510881 0.0127507170038324 0.017919926599980655
0 0.603294178753197 0.5831944079536526 0.0127507170038324 0.017919926599980655
0 0.6167341237031826 0.5827349226562174 0.0127507170038324 0.017919926599980655
0 0.630174068653168 0.5841133785485235 0.0127507170038324 0.017919926599980655
0 0.5764142888532263 0.5285156575588401 0.0127507170038324 0.017919926599980655
0 0.5805496565301447 0.6061686728254226 0.0127507170038324 0.017919926599980655
0 0.5950234433993598 0.6057091875279872 0.0127507170038324 0.017919926599980655
0 0.6070849324570391 0.6066281581228579 0.0127507170038324 0.017919926599980655
0 0.620180263433948 0.6066281581228579 0.0127507170038324 0.017919926599980655
0 0.568832781445542 0.6217911729382259 0.0127507170038324 0.017919926599980655
0 0.5819281124224509 0.6245480847228386 0.0127507170038324 0.017919926599980655
0 0.5939896014801302 0.6236291141279677 0.0127507170038324 0.017919926599980655
0 0.6077741604031922 0.6250075700202737 0.0127507170038324 0.017919926599980655
0 0.6208694913801011 0.6259265406151449 0.0127507170038324 0.017919926599980655
0 0.5953680573724365 0.6415490407279484 0.0127507170038324 0.017919926599980655
0 0.6088080023224218 0.6420085260253837 0.0127507170038324 0.017919926599980655
0 0.6222479472724073 0.6443059525125608 0.0127507170038324 0.017919926599980655
0 0.5970911272378191 0.6585499967330583 0.0127507170038324 0.017919926599980655
0 0.6098418442416513 0.659468967327929 0.0127507170038324 0.017919926599980655
0 0.6229371752185603 0.6599284526253645 0.0127507170038324 0.017919926599980655
0 0.5746912189878434 0.5841133785485233 0.0127507170038324 0.017919926599980655
