0 0.5577942379489371 0.4754633463302207 0.013019098664248361 0.017149656071780938
0 0.574185753737057 0.47619534384547973 0.013489668495486242 0.017777082513431564
0 0.5895577015574949 0.4768227702871302 0.013803381716311592 0.01945021969116624
0 0.6053217909039644 0.4771364835079555 0.013960238326724194 0.018822793249515756
0 0.6213211651660528 0.47786848102321444 0.013960238326724266 0.01945021969116624
0 0.5574020964229056 0.49658670319912174 0.01537194782043784 0.020077646132816797
0 0.573636755600613 0.49815526930324805 0.015215091210025164 0.01986850398559987
0 0.5890871317262572 0.4972141296407722 0.014744521378787354 0.019241077543949388
0 0.6045375078519012 0.4978415560824228 0.014587664768374822 0.019241077543949388
0 0.6202231688931644 0.49815526930324805 0.014901377989200028 0.01986850398559987
0 0.5566962416760487 0.5173963468471975 0.014901377989199887 0.02028678828003365
0 0.5728524725485497 0.5177100600680228 0.014901377989200028 0.020077646132816797
0 0.6198310273671328 0.5188603418777155 0.014117094937136799 0.018613651102298904
0 0.5556766737083667 0.5377877062008396 0.01505823459961249 0.019659361838383092
0 0.5712839064444234 0.5384151326424901 0.015528804430850585 0.01924107754394953
0 0.5547355340458909 0.557551639112831 0.01537194782043784 0.02028678828003372
0 0.5534022528573835 0.5773155720248226 0.016783657314151556 0.020495930427250498
0 0.5687742006778214 0.5780475695400815 0.015215091210025306 0.021123356868900985
0 0.5699506252559161 0.5573424969656142 0.015999374262088396 0.02028678828003372
0 0.5852441447711477 0.5575516391128311 0.015215091210025235 0.019031935396732536
0 0.583832435277434 0.5780475695400815 0.015528804430850442 0.019868503985600014
0 0.6188114593994506 0.5387288458633154 0.01584251765167579 0.02070507257446735
0 0.6170076083797055 0.5591202052169574 0.014744521378787354 0.01840450895508205
0 0.615439042275579 0.5784658538345153 0.014430808157962147 0.019868503985599945
0 0.6005376642863791 0.577420143098431 0.015058234599612632 0.0181953668078652
0 0.6013219473384424 0.557028783744789 0.01568566104126333 0.020495930427250498
0 0.7488616563506437 0.5572130724359546 0.016964790900176895 0.023248046789131463
0 0.7198801385628414 0.5551710142720444 0.016964790900177038 0.02356220958357902
0 0.736138063175511 0.5754345145139225 0.016022302516833804 0.02073474443354961
0 0.7330749759296457 0.5975829915224867 0.016964790900176753 0.022933883994683768
0 0.7150498855982077 0.5762199215000418 0.016729168804341155 0.022933883994683626
0 0.7131649088315214 0.5978971543169345 0.016729168804341013 0.021048907227997377
0 0.694432952212576 0.5746491075278031 0.01743603509184851 0.02356220958357909
0 0.6963179289792624 0.5980542357141583 0.016493546708505277 0.02261972120023593
0 0.6789997049353318 0.5974259101252629 0.018142901379356004 0.020734744433549536
0 0.6602706182989333 0.598370635345923 0.016655742762040092 0.021866649314763523
0 0.6719163745271115 0.5783452128377503 0.01712699246624769 0.02201264362797463
0 0.029783952779225138 0.5989725780497817 0.02077886317323944 0.028520008276995322
0 0.09066199042471962 0.590721294114999 0.0201677201387324 0.024445721380281813
