0 0.06955037112167992 0.6234617236341133 0.018815922929979675 0.026282559013304906
0 0.08859029313415935 0.6243577199641124 0.018367924764980142 0.02329590457997483
0 0.06820637662668137 0.6488482863174192 0.017919926599980648 0.022101242806642815
0 0.08836629405165959 0.6476536245440871 0.019711919259978724 0.0209065810333108
0 0.1248740480861197 0.6168163972484734 0.018367924764980156 0.02090658103331071
0 0.18625389310405382 0.6243577199641125 0.018367924764980188 0.020906581033310657
0 0.11322609579613228 0.634736323848454 0.018367924764980156 0.02090658103331071
0 0.13786599487110565 0.634138992961788 0.018367924764980156 0.02090658103331071
0 0.12577004441611875 0.6544482431084329 0.018367924764980156 0.02090658103331071
0 0.16743387376107371 0.611440419268479 0.018367924764980156 0.02090658103331071
0 0.19636032979935525 0.5881173536117064 0.01836792476498014 0.020906581033310712
0 0.20218471344705052 0.6287531969402195 0.018367924764980146 0.02090658103331071
0 0.20935755053589047 0.6026446732720344 0.018367924764980153 0.02090658103331071
0 0.1892598244275496 0.6120903579208767 0.018367924764980146 0.02090658103331072
0 0.15892190862608296 0.6383203091684501 0.018367924764980156 0.02090658103331071
0 0.5335144031066728 0.6242201678102706 0.011443980172789879 0.015258640230386786
0 0.5432754450187584 0.6058200428265689 0.011443980172789879 0.015258640230386786
0 0.553036486930844 0.6022297745370662 0.011443980172789879 0.015258640230386786
0 0.5442852079751809 0.6219762501293312 0.011443980172789879 0.015258640230386786
0 0.556065775800112 0.6197323324483921 0.011443980172789879 0.015258640230386786
0 0.570202457190029 0.6197323324483921 0.011443980172789879 0.015258640230386786
0 0.5752512719721422 0.6035761251456297 0.011443980172789879 0.015258640230386786
0 0.5776073855371283 0.588766268451431 0.011443980172789879 0.015258640230386786
0 0.5900611286663412 0.588317484915243 0.011443980172789879 0.015258640230386786
0 0.599148995274145 0.5829320824809888 0.011443980172789879 0.015258640230386786
0 0.5984758199698632 0.5986395062475635 0.011443980172789879 0.015258640230386786
0 0.5866952521449322 0.6017809910008785 0.011443980172789879 0.015258640230386786
0 0.5809732620585372 0.6165908476950773 0.011443980172789879 0.015258640230386786
0 0.5920806545791865 0.6147957135503258 0.011443980172789879 0.015258640230386786
0 0.6048709853605401 0.6134493629417623 0.011443980172789879 0.015258640230386786
0 0.6267491827496975 0.6152444970865136 0.011443980172789879 0.015258640230386786
0 0.5402461561494903 0.5910101861323702 0.011443980172789879 0.015258640230386788
