0 0.2005786503927915 0.47186790457844074 0.028543307086614185 0.04199475065616795
0 0.2305246590836366 0.4751273340958116 0.028543307086614185 0.04199475065616795
0 0.17246607080546744 0.4694233324404127 0.028543307086614185 0.04199475065616795
0 0.2024120794963126 0.5150553456836051 0.028543307086614185 0.04199475065616795
0 0.23235808818715775 0.5134256309249197 0.028543307086614185 0.04199475065616795
0 0.17185492777096048 0.5101662014075489 0.028543307086614185 0.04199475065616795
0 0.19874522128927047 0.4368290372667037 0.028543307086614185 0.04199475065616795
0 0.22808008694560847 0.4384587520253891 0.028543307086614185 0.04199475065616795
0 0.1706326417019464 0.4368290372667037 0.028543307086614185 0.04199475065616795
0 0.19507836308222815 0.5875776524451074 0.028543307086614185 0.04199475065616795
0 0.22502437177307322 0.5900222245831357 0.028543307086614185 0.04199475065616795
0 0.16696578349490412 0.5851330803070792 0.028543307086614185 0.04199475065616795
0 0.19446722004772105 0.6283205214122437 0.028543307086614185 0.04199475065616795
0 0.22441322873856615 0.630765093550272 0.028543307086614185 0.04199475065616795
0 0.16635464046039708 0.6258759492742155 0.028543307086614185 0.04199475065616795
0 0.19752293522025624 0.5468347834779712 0.028543307086614185 0.04199475065616795
0 0.2274689439111014 0.5492793556159993 0.028543307086614185 0.04199475065616795
0 0.16941035563293227 0.5443902113399433 0.028543307086614185 0.04199475065616795
0 0.19446722004772105 0.3528987271944032 0.028543307086614185 0.04199475065616795
0 0.22441322873856615 0.35534329933243136 0.028543307086614185 0.04199475065616795
0 0.16635464046039708 0.35045415505637506 0.028543307086614185 0.04199475065616795
0 0.19385607701321397 0.39364159616153943 0.028543307086614185 0.04199475065616795
0 0.22380208570405905 0.39608616829956766 0.028543307086614185 0.04199475065616795
0 0.16574349742589 0.39119702402351114 0.028543307086614185 0.04199475065616795
0 0.19691179218574917 0.312155858227267 0.028543307086614185 0.04199475065616795
0 0.22685780087659424 0.31460043036529517 0.028543307086614185 0.04199475065616795
0 0.16879921259842517 0.3097112860892388 0.028543307086614185 0.04199475065616795
0 0.31188540706306334 0.40425425792723013 0.020167720138732362 0.030149723035680757
0 0.3302196980982747 0.4026245431685445 0.020167720138732362 0.030149723035680757
0 0.3497762752024999 0.40180968578920184 0.020167720138732362 0.030149723035680757
0 0.292939972993345 0.4026245431685445 0.020167720138732362 0.030149723035680757
0 0.31066312099404914 0.3773639644089203 0.020167720138732362 0.030149723035680757
0 0.3289974120292605 0.37573424965023483 0.020167720138732362 0.030149723035680757
0 0.3485539891334859 0.3749193922708918 0.020167720138732362 0.030149723035680757
0 0.29171768692433087 0.3757342496502346 0.020167720138732362 0.030149723035680757
0 0.30821854885602107 0.3521033856492958 0.020167720138732362 0.030149723035680757
0 0.32655283989123235 0.35047367089061027 0.020167720138732362 0.030149723035680757
0 0.3461094169954577 0.3496588135112675 0.020167720138732362 0.030149723035680757
0 0.28927311478630274 0.35047367089061027 0.020167720138732362 0.030149723035680757
0 0.30699626278700687 0.3252130921309859 0.020167720138732362 0.030149723035680757
0 0.3253305538222183 0.3235833773723005 0.020167720138732362 0.030149723035680757
0 0.34488713092644363 0.32276851999295764 0.020167720138732362 0.030149723035680757
0 0.2880508287172886 0.32358337737230036 0.020167720138732362 0.030149723035680757
0 0.3079129773387676 0.513445146759155 0.01711200496619701 0.025260578759624508
0 0.3274695544429932 0.5126302893798123 0.01711200496619701 0.025260578759624508
0 0.34641498851271124 0.5142600041384979 0.01711200496619701 0.025260578759624508
0 0.36597156561693667 0.5142600041384979 0.01711200496619701 0.025260578759624508
0 0.2901898293380634 0.5142600041384979 0.01711200496619701 0.025260578759624508
0 0.3073018343042606 0.48818456799953064 0.01711200496619701 0.025260578759624508
0 0.32685841140848604 0.4873697106201878 0.01711200496619701 0.025260578759624508
0 0.3458038454782041 0.4889994253788734 0.01711200496619701 0.025260578759624508
0 0.3653604225824295 0.4889994253788734 0.01711200496619701 0.025260578759624508
0 0.28957868630355627 0.48899942537887336 0.01711200496619701 0.025260578759624508
0 0.3060795482352464 0.4621091318605633 0.01711200496619701 0.025260578759624508
0 0.325636125339472 0.4612942744812207 0.01711200496619701 0.025260578759624508
0 0.34458155940919005 0.46292398923990613 0.01711200496619701 0.025260578759624508
0 0.3641381365134155 0.46292398923990613 0.01711200496619701 0.025260578759624508
0 0.2883564002345423 0.46292398923990613 0.01711200496619701 0.025260578759624508
0 0.30546840520073937 0.4368485531009389 0.01711200496619701 0.025260578759624508
0 0.3250249823049648 0.43603369572159617 0.01711200496619701 0.025260578759624508
0 0.34397041637468306 0.43766341048028173 0.01711200496619701 0.025260578759624508
0 0.36352699347890843 0.43766341048028173 0.01711200496619701 0.025260578759624508
0 0.2877452572000352 0.4376634104802816 0.01711200496619701 0.025260578759624508
0 0.31769126589088015 0.6254880364187791 0.01833429103521123 0.024445721380281636
0 0.33663669996059836 0.6263028937981221 0.01833429103521123 0.024445721380281636
0 0.35619327706482373 0.6271177511774646 0.01833429103521123 0.024445721380281636
0 0.3745275681000351 0.6271177511774646 0.01833429103521123 0.024445721380281636
0 0.29996811789017586 0.6254880364187791 0.01833429103521123 0.024445721380281636
0 0.31830240892538714 0.5994126002798121 0.01833429103521123 0.024445721380281636
0 0.33724784299510524 0.6002274576591549 0.01833429103521123 0.024445721380281636
0 0.3568044200993306 0.6010423150384976 0.01833429103521123 0.024445721380281636
0 0.37513871113454217 0.6010423150384976 0.01833429103521123 0.024445721380281636
0 0.3005792609246829 0.5994126002798121 0.01833429103521123 0.024445721380281636
0 0.3170801228563732 0.5733371641408449 0.01833429103521123 0.024445721380281636
0 0.3360255569260914 0.5741520215201878 0.01833429103521123 0.024445721380281636
0 0.3555821340303168 0.5749668788995304 0.01833429103521123 0.024445721380281636
0 0.37391642506552814 0.5749668788995304 0.01833429103521123 0.024445721380281636
0 0.2993569748556688 0.5733371641408449 0.01833429103521123 0.024445721380281636
0 0.31769126589088015 0.5472617280018778 0.01833429103521123 0.024445721380281636
0 0.3366366999605983 0.5480765853812206 0.01833429103521123 0.024445721380281636
0 0.35619327706482373 0.5488914427605632 0.01833429103521123 0.024445721380281636
0 0.37452756810003507 0.5488914427605631 0.01833429103521123 0.024445721380281636
0 0.29996811789017586 0.5472617280018778 0.01833429103521123 0.024445721380281636
0 0.4371697291370068 0.57781887972723 0.023834578345774703 0.03014972303568072
0 0.4597820214137672 0.5802634518652584 0.023834578345774703 0.03014972303568072
0 0.4842277427940489 0.5810783092446011 0.023834578345774703 0.03014972303568072
0 0.5160071805884151 0.5802634518652584 0.023834578345774703 0.03014972303568072
0 0.5410640450032039 0.5802634518652584 0.023834578345774703 0.03014972303568072
0 0.5636763372799645 0.5810783092446011 0.023834578345774703 0.03014972303568072
0 0.5881220586602464 0.5810783092446011 0.023834578345774703 0.03014972303568072
0 0.412724007756725 0.5786337371065727 0.023834578345774703 0.03014972303568072
0 0.43778087217151396 0.6104131749009395 0.023834578345774703 0.03014972303568072
0 0.4622265935517953 0.6087834601422536 0.023834578345774703 0.03014972303568072
0 0.48667231493207713 0.6087834601422537 0.023834578345774703 0.03014972303568072
0 0.5129514654158799 0.6112280322802819 0.023834578345774703 0.03014972303568072
0 0.5367860437616546 0.6112280322802819 0.023834578345774703 0.03014972303568072
0 0.5581760499694011 0.611228032280282 0.023834578345774703 0.03014972303568072
0 0.581399485280669 0.6112280322802819 0.023834578345774703 0.03014972303568072
0 0.4133351507912322 0.6112280322802818 0.023834578345774703 0.03014972303568072
0 0.437780872171514 0.5444097271741785 0.023834578345774703 0.03014972303568072
0 0.46039316444827444 0.5468542993122069 0.023834578345774703 0.03014972303568072
0 0.4848388858285561 0.5476691566915496 0.023834578345774703 0.03014972303568072
0 0.5166183236229224 0.5468542993122069 0.023834578345774703 0.03014972303568072
0 0.5416751880377111 0.5468542993122069 0.023834578345774703 0.03014972303568072
0 0.5642874803144717 0.5476691566915496 0.023834578345774703 0.03014972303568072
0 0.5887332016947534 0.5476691566915496 0.023834578345774703 0.03014972303568072
0 0.4139462938257392 0.5452245845535212 0.023834578345774703 0.03014972303568072
0 0.4432811594820771 0.4767765646887323 0.023834578345774703 0.03014972303568072
0 0.46589345175883773 0.4792211368267607 0.023834578345774703 0.03014972303568072
0 0.49033917313911934 0.48003599420610343 0.023834578345774703 0.03014972303568072
0 0.5221186109334855 0.4792211368267607 0.023834578345774703 0.03014972303568072
0 0.5471754753482743 0.4792211368267607 0.023834578345774703 0.03014972303568072
0 0.5697877676250349 0.48003599420610343 0.023834578345774703 0.03014972303568072
0 0.5942334890053168 0.48003599420610343 0.023834578345774703 0.03014972303568072
0 0.41883543810179547 0.4775914220680752 0.023834578345774703 0.03014972303568072
0 0.44389230251658424 0.5093708598624415 0.023834578345774703 0.03014972303568072
0 0.4665045947933447 0.5118154320004696 0.023834578345774703 0.03014972303568072
0 0.49095031617362644 0.5126302893798124 0.023834578345774703 0.03014972303568072
0 0.5227297539679926 0.5118154320004696 0.023834578345774703 0.03014972303568072
0 0.5477866183827813 0.5118154320004696 0.023834578345774703 0.03014972303568072
0 0.570398910659542 0.5126302893798124 0.023834578345774703 0.03014972303568072
0 0.5948446320398237 0.5126302893798124 0.023834578345774703 0.03014972303568072
0 0.41944658113630245 0.510185717241784 0.023834578345774703 0.03014972303568072
0 0.44389230251658435 0.4433674121356807 0.023834578345774703 0.03014972303568072
0 0.4665045947933449 0.445811984273709 0.023834578345774703 0.03014972303568072
0 0.49095031617362656 0.4466268416530517 0.023834578345774703 0.03014972303568072
0 0.5227297539679928 0.445811984273709 0.023834578345774703 0.03014972303568072
0 0.5477866183827814 0.445811984273709 0.023834578345774703 0.03014972303568072
0 0.5703989106595421 0.4466268416530517 0.023834578345774703 0.03014972303568072
0 0.6846826581123588 0.27306221985305174 0.023834578345774703 0.03014972303568072
0 0.4200577241708096 0.4441822695150235 0.023834578345774703 0.03014972303568072
0 0.5948446320398237 0.4466268416530517 0.023834578345774703 0.03014972303568072
0 0.6437360748003873 0.30810108716478873 0.023834578345774703 0.03014972303568072
0 0.67001522528419 0.30402680026807527 0.023834578345774703 0.03014972303568072
0 0.6431249317658804 0.339880524959155 0.023834578345774703 0.03014972303568072
0 0.6687929392151759 0.3406953823384976 0.023834578345774703 0.03014972303568072
0 0.698738947906021 0.33825081020046943 0.023834578345774703 0.03014972303568072
0 0.6687929392151765 0.4743319925507047 0.023834578345774703 0.03014972303568072
0 0.6626815088701065 0.6258954651084516 0.023834578345774703 0.03014972303568072
0 0.6926275175609513 0.47759142206807553 0.023834578345774703 0.03014972303568072
0 0.7170732389412325 0.47922113682676076 0.023834578345774703 0.03014972303568072
0 0.6443472178348947 0.4718874204126765 0.023834578345774703 0.03014972303568072
0 0.6700152252841903 0.44173769737699564 0.023834578345774703 0.03014972303568072
0 0.6938498036299648 0.44499712689436655 0.023834578345774703 0.03014972303568072
0 0.718295525010247 0.4466268416530517 0.023834578345774703 0.03014972303568072
0 0.6455695039039082 0.43929312523896746 0.023834578345774703 0.03014972303568072
0 0.6749043695602467 0.41403254647934307 0.023834578345774703 0.03014972303568072
0 0.6987389479060215 0.41729197599671386 0.023834578345774703 0.03014972303568072
0 0.7231846692863028 0.41892169075539926 0.023834578345774703 0.03014972303568072
0 0.6504586481799649 0.4115879743413148 0.023834578345774703 0.03014972303568072
0 0.6761266556292606 0.381438251305634 0.023834578345774703 0.03014972303568072
0 0.6999612339750354 0.38469768082300493 0.023834578345774703 0.03014972303568072
0 0.7244069553553172 0.38632739558169027 0.023834578345774703 0.03014972303568072
0 0.6516809342489788 0.37899367916760585 0.023834578345774703 0.03014972303568072
0 0.6443472178348942 0.272247362473709 0.023834578345774703 0.03014972303568072
0 0.6859049441813738 0.6275251798671362 0.023834578345774703 0.03014972303568072
0 0.710961808596162 0.6275251798671362 0.023834578345774703 0.03014972303568072
0 0.638846930524331 0.6201914634530522 0.023834578345774703 0.03014972303568072
0 0.6639037949391201 0.5924863125553997 0.023834578345774703 0.03014972303568072
0 0.6871272302503871 0.594116027314085 0.023834578345774703 0.03014972303568072
0 0.7121840946651762 0.594116027314085 0.023834578345774703 0.03014972303568072
0 0.6400692165933449 0.5867823109000004 0.023834578345774703 0.03014972303568072
0 0.6639037949391203 0.562336589519719 0.023834578345774703 0.03014972303568072
0 0.6871272302503877 0.5639663042784041 0.023834578345774703 0.03014972303568072
0 0.7121840946651762 0.5639663042784041 0.023834578345774703 0.03014972303568072
0 0.6400692165933449 0.5566325878643198 0.023834578345774703 0.03014972303568072
0 0.665126081008134 0.5289274369666672 0.023834578345774703 0.03014972303568072
0 0.6883495163194013 0.5305571517253526 0.023834578345774703 0.03014972303568072
0 0.740907817287007 0.5427800124154935 0.023834578345774703 0.03014972303568072
0 0.6412915026623591 0.523223435311268 0.023834578345774703 0.03014972303568072
0 0.7629089665292605 0.5419651550361508 0.023834578345774703 0.03014972303568072
0 0.7879658309440493 0.5419651550361508 0.023834578345774703 0.03014972303568072
0 0.9108055808799653 0.4392931252389679 0.023834578345774703 0.03014972303568072
0 0.7396855312179929 0.629154894625822 0.023834578345774703 0.03014972303568072
0 0.7659646817017958 0.6373034684192492 0.023834578345774703 0.03014972303568072
0 0.7910215461165845 0.6364886110399064 0.023834578345774703 0.03014972303568072
0 0.8154672674968663 0.6332291815225354 0.023834578345774703 0.03014972303568072
0 0.7378521021144718 0.5957457420727702 0.023834578345774703 0.03014972303568072
0 0.784298972737007 0.5949308846934279 0.023834578345774703 0.03014972303568072
0 0.8081335510827818 0.5941160273140852 0.023834578345774703 0.03014972303568072
0 0.71340638073419 0.5305571517253526 0.023834578345774703 0.03014972303568072
0 0.8118004092898241 0.5354462960014089 0.023834578345774703 0.03014972303568072
0 0.9334178731567258 0.44092283999765314 0.023834578345774703 0.03014972303568072
0 0.954196736329965 0.44092283999765314 0.023834578345774703 0.03014972303568072
0 0.9749755995032041 0.44173769737699586 0.023834578345774703 0.03014972303568072
0 0.8964437195690504 0.46781313351596326 0.020778863173239907 0.02689029351831003
0 0.9150835821215142 0.412402831720658 0.023834578345774703 0.03014972303568072
0 0.9376958743982746 0.41403254647934334 0.023834578345774703 0.03014972303568072
0 0.9584747375715142 0.41403254647934334 0.023834578345774703 0.03014972303568072
0 0.9792536007447538 0.4148474038586862 0.023834578345774703 0.03014972303568072
0 0.8924712898447535 0.412402831720658 0.023834578345774703 0.03014972303568072
0 0.9138612960525007 0.3838828234436626 0.023834578345774703 0.03014972303568072
0 0.936473588329261 0.385512538202348 0.023834578345774703 0.03014972303568072
0 0.9572524515025003 0.385512538202348 0.023834578345774703 0.03014972303568072
0 0.9780313146757397 0.38632739558169066 0.023834578345774703 0.03014972303568072
0 0.8912490037757397 0.3838828234436626 0.023834578345774703 0.03014972303568072
0 0.9181392972940494 0.3569925299253527 0.023834578345774703 0.03014972303568072
0 0.9407515895708098 0.35862224468403814 0.023834578345774703 0.03014972303568072
0 0.9615304527440495 0.35862224468403814 0.023834578345774703 0.03014972303568072
0 0.9823093159172891 0.35943710206338086 0.023834578345774703 0.03014972303568072
0 0.8955270050172888 0.3569925299253527 0.023834578345774703 0.03014972303568072
0 0.8881932886032047 0.4392931252389677 0.023834578345774703 0.03014972303568072
0 0.914778010604262 0.4686279908953058 0.020778863173239907 0.02689029351831003
0 0.9349457307429944 0.46944284827464855 0.020778863173239907 0.02689029351831003
0 0.9557245939162337 0.46944284827464855 0.020778863173239907 0.02689029351831003
0 0.873220284257783 0.4906291401375594 0.020778863173239907 0.02689029351831003
0 0.8939991474310225 0.4930737122755875 0.020778863173239907 0.02689029351831003
0 0.9135557245352476 0.4955182844136157 0.020778863173239907 0.02689029351831003
0 0.9331123016394731 0.4955182844136155 0.020778863173239907 0.02689029351831003
0 0.9532800217782055 0.4955182844136155 0.020778863173239907 0.02689029351831003
0 0.871997998188769 0.5191491484145547 0.020778863173239907 0.02689029351831003
0 0.8939991474310223 0.5191491484145547 0.020778863173239907 0.02689029351831003
0 0.9129445815007408 0.5215937205525829 0.020778863173239907 0.02689029351831003
0 0.9312788725359519 0.5199640057938976 0.020778863173239907 0.02689029351831003
0 0.949002020536656 0.5199640057938976 0.020778863173239907 0.02689029351831003
0 0.8469411337739803 0.6307846093845083 0.020778863173239907 0.02689029351831003
0 0.8933880043965153 0.5460394419328647 0.020778863173239907 0.02689029351831003
0 0.9111111523972194 0.5476691566915503 0.020778863173239907 0.02689029351831003
0 0.9282231573634167 0.5484840140708925 0.020778863173239907 0.02689029351831003
0 0.9477797344676422 0.5484840140708925 0.020778863173239907 0.02689029351831003
0 0.8762759994303181 0.4653685613779349 0.020778863173239907 0.02689029351831003
0 0.8677199969472197 0.6299697520051655 0.020778863173239907 0.02689029351831003
0 0.884832001913417 0.62834003724648 0.020778863173239907 0.02689029351831003
0 0.9043885790176424 0.6307846093845082 0.020778863173239907 0.02689029351831003
0 0.9221117270183466 0.6307846093845082 0.020778863173239907 0.02689029351831003
0 0.8444965616359521 0.6536006160061045 0.020778863173239907 0.02689029351831003
0 0.8646642817746844 0.6544154733854469 0.020778863173239907 0.02689029351831003
0 0.8854431449479239 0.6536006160061045 0.020778863173239907 0.02689029351831003
0 0.903166292948628 0.6560451881441325 0.020778863173239907 0.02689029351831003
0 0.9215005839838396 0.6568600455234754 0.020778863173239907 0.02689029351831003
0 0.8701645690852479 0.545224584553522 0.020778863173239907 0.02689029351831003
0 0.8469411337739803 0.5770040223478884 0.020778863173239907 0.02689029351831003
0 0.8677199969472197 0.5761891649685456 0.020778863173239907 0.02689029351831003
0 0.8848320019134169 0.5745594502098601 0.020778863173239907 0.02689029351831003
0 0.9043885790176424 0.5770040223478883 0.020778863173239907 0.02689029351831003
0 0.9221117270183465 0.5770040223478883 0.020778863173239907 0.02689029351831003
0 0.8444965616359521 0.5998200289694846 0.020778863173239907 0.02689029351831003
0 0.8646642817746845 0.6006348863488271 0.020778863173239907 0.02689029351831003
0 0.8854431449479239 0.5998200289694847 0.020778863173239907 0.02689029351831003
0 0.9031662929486282 0.6022646011075128 0.020778863173239907 0.02689029351831003
0 0.9215005839838396 0.6030794584868555 0.020778863173239907 0.02689029351831003
