0 0.31751541329275035 0.22945690893448709 0.03525321860698913 0.06203933420399423
0 0.24843334854774152 0.2300899633651401 0.03240447366905052 0.05444268103615815
0 0.21834348014076604 0.18007866334355296 0.027775263144900465 0.06077322534268816
1 0.2712233080512496 0.2304064905804666 0.04878475706219703 0.08419623927684927
1 0.38232436063085146 0.22407594627393657 0.06374066798637408 0.09179289244468528
0 0.5742350486787205 0.131432545201669 0.02503477051460358 0.03477051460361615
0 0.7365698887343533 0.23296244784422812 0.046157858136300405 0.0403337969401947
0 0.9667326414806561 0.24596929640887852 0.043512656390731055 0.03413409275605291
0 0.9699956066472458 0.2174386038551153 0.037902141956396206 0.026154694449443027
0 0.8928966408968455 0.1428044788042065 0.01755792772182872 0.028092684354925835
0 0.9730046861276884 0.11939390850843487 0.01711897952878289 0.04057832184600398
0 0.9806693499693673 0.092683499233125 0.012313522578348843 0.01741496719033797
