0 0.47637931034482756 0.43172413793103454 0.06517241379310348 0.13793103448275856
0 0.1668103448275862 0.3158620689655172 0.02793103448275861 0.06068965517241381
0 0.032974137931034486 0.3558620689655172 0.03646551724137931 0.07448275862068965
0 0.17107758620689656 0.26620689655172414 0.0225 0.04413793103448274
0 0.3941379310344827 0.24551724137931033 0.02327586206896548 0.04689655172413794
0 0.5054741379310345 0.28344827586206894 0.025603448275862063 0.04827586206896555
0 0.6133189655172414 0.23379310344827586 0.01629310344827587 0.03172413793103445
0 0.7149568965517241 0.23793103448275865 0.019396551724137793 0.039999999999999966
0 0.8131034482758621 0.2448275862068965 0.023275862068965692 0.045517241379310354
0 0.8026293103448277 0.22551724137931037 0.02094827586206904 0.015172413793103417
