0 0.4932632127955494 0.38873435326842837 0.11969749652294852 0.19610570236439492
0 0.2808588317107093 0.23922114047287898 0.026599443671766317 0.04450625869262865
0 0.018776077885952716 0.2767732962447844 0.03285813630041725 0.07232267037552155
0 0.9251130041724619 0.33240611961057026 0.0618045897079277 0.10848400556328236
0 0.9349927331226369 0.14855353166690569 0.03145724332413451 0.026086494463916417
0 0.9050191360615716 0.13921322045612922 0.019468964618290414 0.03256549308894142
0 0.8613338484574763 0.1308587222291233 0.03490986759141762 0.019266495911258553
0 0.5220687979504582 0.0718811349220301 0.01090877166149106 0.02212833453840944
0 0.6106659959408013 0.045810855153634235 0.03811755018496647 0.03324776745222208
0 0.40478928185670265 0.05277836852774211 0.01675329955341198 0.03898153360140288
0 0.36222850982946864 0.04533245761511459 0.015151881213747559 0.019709764180484615
0 0.22182148586425293 0.194069153340823 0.020658258930286985 0.04439030711203696
0 0.08889548425957405 0.11337395093974663 0.03441115519725447 0.02282994515502228
