0 0.3001561280249805 0.26645849596669263 0.06635441061670562 0.17763899731112842
0 0.41412958626073376 0.3115621476277214 0.07572209211553478 0.18735362997658078
0 0.15300546448087432 0.2033133836412525 0.04371584699453553 0.06800242865816639
0 0.1752537080405933 0.22135484430566396 0.0585480093676815 0.05689999132622084
0 0.44145199063231855 0.11102437331945528 0.050741608118657314 0.044409749327782126
0 0.47970335675253706 0.15820973198022378 0.03669008587041375 0.047185358660768506
0 0.5062451209992194 0.1762511926446353 0.033567525370804104 0.05551218665972764
0 0.6670569867291178 0.27062190996617225 0.04918032786885235 0.09437071732153697
0 0.7911787665886026 0.28727556596409054 0.047619047619047734 0.12490241998438728
1 0.8520686963309914 0.29282678463006334 0.04137392661982815 0.10547315465348252
0 0.944184231069477 0.05551218665972765 0.04137392661982815 0.044409749327782126
