0 0.46526151444184227 0.32266458495966693 0.05932864949258388 0.11796339665192125
0 0.17603434816549574 0.20123167664151267 0.0351288056206089 0.09992193598750976
0 0.258391881342701 0.2317633793043629 0.06557377049180328 0.05273657732674128
0 0.462919594067135 0.07494145199063232 0.031225604996096765 0.04996096799375488
1 0.654176424668228 0.2616011796339665 0.06713505074160807 0.12351461531789397
0 0.7053083528493364 0.24217191430306179 0.10070257611241218 0.12906583398386676
0 0.8551912568306012 0.156128024980484 0.033567525370804104 0.12629022465088036
0 0.9535519125683061 0.14918900164801804 0.056986729117876535 0.09298291265504383
0 0.6846213895394224 0.11796339665192125 0.049960967993754934 0.047185358660768506
0 0.8645589383294302 0.07147194032439934 0.038251366120218504 0.045797553994275306
