0 0.27508960573476704 0.19275189167662288 0.03763440860215056 0.08602150537634409
1 0.45833333333333326 0.3783353245718837 0.12455197132616483 0.1991238550378335
0 0.17921146953405018 0.16009557945041816 0.02329749103942653 0.046196734368777345
0 0.03629032258064516 0.2357626443647949 0.06003584229390681 0.07009159697331739
0 0.09274193548387095 0.18797291915571485 0.033154121863799284 0.06690561529271206
0 0.13216845878136202 0.1911589008363202 0.04032258064516128 0.050975706889685383
0 0.16263440860215056 0.1513341298287535 0.02240143369175627 0.035045798486658716
0 0.6545698924731183 0.12425328554360812 0.024193548387096656 0.03823178016726402
0 0.7764336917562724 0.27877339705296694 0.07258064516129024 0.12106730386300278
0 0.9637096774193549 0.21983273596176822 0.049283154121863786 0.07327757865392276
