0 0.4404121863799283 0.3233771405814416 0.07974910394265229 0.11469534050179217
0 0.4775985663082437 0.4133811230585424 0.043010752688172005 0.05575467941059344
1 0.3418458781362007 0.47949024293110315 0.05645161290322584 0.09557945041816004
0 0.39471326164874554 0.14257268020708883 0.03136200716845877 0.05256869772998806
0 0.5259856630824372 0.15053763440860213 0.03584229390681003 0.03345280764635602
0 0.6097670250896057 0.13620071684587814 0.036738351254480224 0.04619673436877738
0 0.9363799283154123 0.10911987256073279 0.06451612903225808 0.07487056949422542
0 0.15098566308243727 0.19992035045798487 0.025985663082437292 0.04301075268817204
0 0.03270609318996416 0.2301871764237356 0.027777777777777776 0.06531262445240944
0 0.02150537634408602 0.2843488649940263 0.02867383512544803 0.055754679410593366
