0 0.5389784946236559 0.38550378335324564 0.17652329749103943 0.18797291915571493
0 0.5981182795698925 0.16806053365193152 0.029569892473118243 0.05894066109119873
0 0.5416666666666666 0.1449621664675428 0.024193548387096798 0.031859816806053376
0 0.5174731182795699 0.13221823974512145 0.04032258064516121 0.06371963361210671
0 0.4771505376344086 0.12345679012345677 0.058243727598566296 0.11947431302270012
0 0.33781362007168453 0.20708880923934686 0.07347670250896052 0.09876543209876543
0 0.24507168458781362 0.22301871764237355 0.03853046594982082 0.054161688570290745
0 0.15188172043010753 0.25567502986857826 0.03673835125448027 0.0461967343687774
0 0.1922043010752688 0.3982477100756671 0.02956989247311828 0.047789725209080064
1 0.18593189964157705 0.42134607726005574 0.0672043010752688 0.09398645957785746
