0 0.37197501951600315 0.3129499522942146 0.06635441061670569 0.1262902246508804
1 0.41920374707259955 0.30392922196200883 0.06088992974238877 0.12212681065140078
0 0.4824355971896956 0.253968253968254 0.0437158469945355 0.11379998265244168
0 0.08704137392661983 0.2699280076329257 0.04137392661982825 0.04579755399427533
0 0.06088992974238876 0.28103044496487123 0.023419203747072598 0.05689999132622088
0 0.40398126463700235 0.18596582531008765 0.03825136612021858 0.061063405325700405
0 0.4590163934426229 0.1880475323098274 0.02654176424668229 0.054124381993234466
0 0.5944574551131928 0.2019255789747593 0.022638563622170267 0.040246335328302546
0 0.6217798594847775 0.20886460230722526 0.02419984387197502 0.037470725995316166
0 0.654176424668228 0.21649752797293784 0.028103044496486974 0.024980483996877467
