0 0.28103044496487123 0.25813166796773357 0.026541764246682257 0.0666146239916732
0 0.31147540983606553 0.2657645936334461 0.04839968774395 0.0457975539942753
0 0.3899297423887587 0.20678289530748548 0.04605776736924277 0.05551218665972762
0 0.48711943793911006 0.21164021164021166 0.0437158469945355 0.0457975539942753
0 0.5300546448087431 0.1859658253100876 0.04059328649492578 0.03608292132882298
0 0.47384855581576896 0.3649926272877092 0.07181889149102261 0.20817069997397863
1 0.5542544886807181 0.26160117963396656 0.05620608899297423 0.09853413132101657
0 0.5546448087431695 0.27062190996617225 0.06479313036690088 0.07216584265764592
0 0.6163153786104606 0.28172434729811774 0.0585480093676815 0.11379998265244165
1 0.6998438719750194 0.30601092896174864 0.08665105386416869 0.12073900598490762
0 0.6764246682279469 0.24286581663630843 0.02888368462138956 0.07494145199063233
