1 0.4414519906323185 0.410096278948738 0.07728337236533961 0.19290484864255356
0 0.47697111631537864 0.2546621563015005 0.07962529274004687 0.10408534998698929
0 0.48321623731459795 0.17416948564489548 0.024980483996877398 0.06522681932517997
0 0.9000780640124901 0.2733975192991586 0.05308352849336458 0.05273657732674128
0 0.9188134270101483 0.23523289097059588 0.07025761124121771 0.05967560065920722
0 0.6647150663544107 0.19359875097580015 0.04137392661982815 0.0457975539942753
0 0.6627634660421546 0.14710729464827824 0.028103044496486974 0.06661462399167319
0 0.7045277127244342 0.1380865643160725 0.022638563622170267 0.05134877266024807
0 0.7220921155347385 0.1436377829820453 0.017174082747853276 0.05412438199323448
0 0.32513661202185795 0.1859658253100876 0.019516003122560476 0.047185358660768485
0 0.07767369242779079 0.20955850464047188 0.028883684621389554 0.061063405325700405
0 0.02029664324746292 0.21233411397345825 0.02498048399687744 0.06383901465868679
0 0.5616705698672912 0.16861826697892274 0.02888368462138949 0.023592679330384243
