1 0.5441061670569867 0.3608292132882297 0.13114754098360662 0.16376095064619658
0 0.32123341139734585 0.2331511839708561 0.05542544886807182 0.1110243733194553
0 0.09718969555035128 0.1575158296469772 0.04449648711943793 0.10130974065400293
0 0.25644028103044497 0.1401682713158123 0.02888368462138956 0.044409749327782126
0 0.30249804839968775 0.14849509931477145 0.02888368462138956 0.04718535866076852
0 0.373536299765808 0.17416948564489548 0.04449648711943795 0.05134877266024807
0 0.38485558157689304 0.2317633793043629 0.028103044496487116 0.049960967993754865
0 0.4020296643247463 0.24425362130280162 0.02966432474629201 0.0499609679937549
0 0.41569086651053866 0.2914389799635701 0.05542544886807185 0.05273657732674124
0 0.5886026541764247 0.2685402029664325 0.03903200624512102 0.08743169398907107
0 0.6471506635441062 0.28241824963136436 0.049960967993754796 0.0541243819932345
0 0.771662763466042 0.2498048399687744 0.033567525370804104 0.05828779599271403
0 0.9035909445745511 0.21649752797293778 0.05230288836846228 0.03885853066180932
